# BZ_center   Fraction_Coverage
[0 0 2] 1.0
[-1 -1  1] 1.0
[ 1  1 -1] 1.0
[1 1 1] 1.0
[-1 -1 -1] 0.8
[0 0 0] 0.7
[ 0  0 -2] 0.525
[2 2 0] 0.5
[-2 -2  0] 0.475
[ 0 -2  0] 0.25
[-2  0  0] 0.25
[2 0 0] 0.25
[0 2 0] 0.25
[ 1 -1  1] 0.225
[-1  1  1] 0.225
[-1  1 -1] 0.2
[-1 -1  3] 0.175
[ 0  2 -2] 0.175
[ 0 -2  2] 0.175
[-2  0  2] 0.175
[ 1 -1 -1] 0.175
[-2 -2  2] 0.15
[ 2  2 -2] 0.15
[ 1  1 -3] 0.15
[-1 -3  1] 0.125
[-3 -1  1] 0.125
[ 3  1 -1] 0.125
[ 1  3 -1] 0.125
[ 2  0 -2] 0.125
[2 0 2] 0.1
[0 2 2] 0.1
[1 1 3] 0.05
[ 1 -1  3] 0.025
[3 1 1] 0.025
[-1  1  3] 0.025
