# BZ_center   Fraction_Coverage
[4 2 0] 1.0
[2 4 0] 1.0
[4 0 0] 1.0
[2 2 0] 1.0
[ 4 -2  0] 0.975
[3 3 1] 0.975
[ 3 -1  1] 0.975
[2 0 0] 0.975
[ 3  3 -1] 0.95
[ 3  1 -1] 0.95
[3 1 1] 0.95
[ 5 -1 -1] 0.925
[ 5  1 -1] 0.925
[ 1  5 -1] 0.925
[ 3 -1 -1] 0.925
[ 1  3 -1] 0.925
[1 3 1] 0.925
[0 2 0] 0.925
[4 4 0] 0.9
[ 5 -1  1] 0.9
[1 5 1] 0.9
[5 1 1] 0.875
[6 0 0] 0.85
[ 5  3 -1] 0.85
[ 3  5 -1] 0.85
[1 1 1] 0.825
[ 6 -2  0] 0.8
[0 6 0] 0.775
[-1  1  1] 0.775
[6 2 0] 0.75
[2 6 0] 0.75
[5 3 1] 0.75
[3 5 1] 0.75
[ 1  1 -1] 0.75
[ 2 -2  0] 0.7
[-1  1 -1] 0.7
[ 5 -3  1] 0.65
[ 3 -3  1] 0.625
[ 1 -1  1] 0.625
[ 5 -3 -1] 0.6
[4 2 2] 0.575
[2 4 2] 0.575
[ 3 -3 -1] 0.575
[0 4 0] 0.575
[ 1 -1 -1] 0.575
[2 2 2] 0.55
[2 0 2] 0.55
[ 4 -2  2] 0.525
[4 0 2] 0.525
[0 0 0] 0.525
[ 7 -1 -1] 0.5
[4 4 2] 0.5
[-1  7 -1] 0.475
[ 2 -2  2] 0.475
[-2  2  0] 0.475
[ 7  1 -1] 0.45
[ 1  7 -1] 0.45
[ 7 -1  1] 0.425
[-1  7  1] 0.425
[6 0 2] 0.425
[0 6 2] 0.425
[ 4  4 -2] 0.425
[ 4  2 -2] 0.425
[ 2  4 -2] 0.425
[ 4  0 -2] 0.425
[7 1 1] 0.4
[ 5  5 -1] 0.4
[1 7 1] 0.4
[ 6  2 -2] 0.4
[ 6  0 -2] 0.4
[-1  5 -1] 0.4
[ 4 -2 -2] 0.4
[ 2  2 -2] 0.4
[ 2  0 -2] 0.4
[ 6 -2 -2] 0.375
[ 2  6 -2] 0.375
[ 4 -4  0] 0.375
[-1  5  1] 0.375
[-1  3  1] 0.375
[ 0  2 -2] 0.375
[6 4 0] 0.35
[4 6 0] 0.35
[ 6 -2  2] 0.35
[-1  3 -1] 0.35
[0 2 2] 0.35
[-2  0  0] 0.35
[5 5 1] 0.325
[6 2 2] 0.325
[2 6 2] 0.325
[ 2 -2 -2] 0.325
[ 0  6 -2] 0.3
[-2  0  2] 0.275
[0 0 2] 0.275
[-2  6  0] 0.25
[0 4 2] 0.25
[ 7 -3 -1] 0.225
[ 6 -4  0] 0.225
[ 4 -4  2] 0.225
[ 7 -3  1] 0.2
[ 1 -3  1] 0.2
[ 7  3 -1] 0.175
[ 6  4 -2] 0.175
[ 4  6 -2] 0.175
[ 0  0 -2] 0.175
[7 3 1] 0.15
[ 3  7 -1] 0.15
[3 7 1] 0.15
[-2  2  2] 0.15
[-1 -1  1] 0.15
[8 0 0] 0.125
[0 8 0] 0.125
[ 2 -4  0] 0.125
[-2  4  0] 0.125
[ 1 -3 -1] 0.125
[ 0 -2  0] 0.125
[ 8 -2  0] 0.1
[ 6 -4  2] 0.1
[-2  6  2] 0.1
[ 4 -4 -2] 0.1
[-1 -1 -1] 0.1
[ 8  0 -2] 0.075
[ 0  8 -2] 0.075
[6 4 2] 0.075
[4 6 2] 0.075
[-3  1 -1] 0.075
[-3  1  1] 0.075
[-2  0 -2] 0.075
[8 2 0] 0.05
[-2  8  0] 0.05
[2 8 0] 0.05
[ 5 -5  1] 0.05
[ 5 -3  3] 0.05
[5 3 3] 0.05
[3 5 3] 0.05
[ 5 -1  3] 0.05
[5 1 3] 0.05
[1 5 3] 0.05
[ 3 -3  3] 0.05
[ 2 -4  2] 0.05
[ 0  4 -2] 0.05
[ 3 -1  3] 0.05
[3 1 3] 0.05
[1 3 3] 0.05
[-2  2 -2] 0.05
[ 1 -1  3] 0.05
[-1  1  3] 0.05
[1 1 3] 0.05
[ 0 -2  2] 0.05
[ 8 -2 -2] 0.025
[ 8  2 -2] 0.025
[ 2  8 -2] 0.025
[ 7  3 -3] 0.025
[ 3  7 -3] 0.025
[ 7 -1 -3] 0.025
[ 7  1 -3] 0.025
[ 5  5 -3] 0.025
[ 1  7 -3] 0.025
[ 6 -4 -2] 0.025
[ 5 -5 -1] 0.025
[ 5 -3 -3] 0.025
[ 5  3 -3] 0.025
[ 3  5 -3] 0.025
[ 5 -1 -3] 0.025
[ 3 -5  1] 0.025
[ 5  1 -3] 0.025
[-3  5  1] 0.025
[ 3 -3 -3] 0.025
[ 3  3 -3] 0.025
[3 3 3] 0.025
[-2  4  2] 0.025
[ 3 -1 -3] 0.025
[ 3  1 -3] 0.025
[ 1 -3  3] 0.025
[-3  3  1] 0.025
[ 1 -1 -3] 0.025
[-1  1 -3] 0.025
[ 1  1 -3] 0.025
