# BZ_center   Fraction_Coverage
[ 4 -4  0] 1.0
[ 3 -5 -1] 0.975
[ 3 -3 -1] 0.975
[ 4 -6  0] 0.95
[ 4 -6 -2] 0.9
[ 3 -5  1] 0.9
[ 2 -4  0] 0.9
[ 3 -7 -1] 0.875
[ 5 -5 -1] 0.85
[ 2 -6  0] 0.85
[ 3 -3  1] 0.85
[ 2 -2  0] 0.85
[ 2 -6 -2] 0.8
[ 4 -4 -2] 0.775
[ 1 -3  1] 0.775
[ 2 -8 -2] 0.725
[ 3 -7 -3] 0.725
[ 5 -5  1] 0.725
[ 4 -2  0] 0.725
[ 1 -7 -1] 0.7
[ 4 -4  2] 0.7
[ 1 -7 -3] 0.675
[ 5 -3 -1] 0.675
[ 2 -4 -2] 0.675
[ 0 -2 -2] 0.675
[-2 -2  0] 0.675
[-1 -1 -1] 0.675
[ 5 -7 -1] 0.65
[ 5 -7  1] 0.65
[ 6 -6  0] 0.65
[ 5 -3  1] 0.65
[ 6 -4  0] 0.625
[ 3 -5 -3] 0.625
[ 3 -1 -1] 0.625
[ 1 -1 -1] 0.625
[ 4 -8  0] 0.6
[ 3 -7  1] 0.6
[ 2 -4  2] 0.575
[ 1 -3 -1] 0.575
[ 0 -2  0] 0.575
[ 4 -8 -2] 0.55
[ 6 -6 -2] 0.55
[ 2 -8  0] 0.55
[ 4 -6  2] 0.55
[ 2 -2 -2] 0.55
[ 1 -5 -1] 0.525
[ 2 -2  2] 0.525
[-1 -3 -1] 0.525
[ 2 -8 -4] 0.5
[ 0 -8 -2] 0.5
[ 2 -6 -4] 0.5
[ 3 -1  1] 0.5
[ 1 -1  1] 0.5
[ 4 -2  2] 0.475
[-1 -1 -3] 0.475
[ 1 -9 -1] 0.45
[ 1 -5  1] 0.45
[ 1 -9 -3] 0.425
[ 3 -9 -1] 0.425
[ 5 -7 -3] 0.425
[ 7 -5 -1] 0.425
[ 5 -5  3] 0.425
[ 0  0 -2] 0.425
[ 6 -4  2] 0.4
[ 0 -6 -2] 0.4
[ 6 -2  0] 0.375
[ 1 -5 -3] 0.375
[ 3 -3  3] 0.375
[ 0 -4  0] 0.375
[-2  0 -2] 0.375
[2 0 0] 0.375
[ 6 -6  2] 0.35
[ 5 -5 -3] 0.35
[ 4 -2 -2] 0.35
[ 2  0 -2] 0.35
[ 0 -2  2] 0.35
[ 7 -5  1] 0.325
[ 6 -4 -2] 0.325
[ 5 -1 -1] 0.325
[-1 -1  1] 0.325
[ 6 -8  0] 0.3
[ 5 -3  3] 0.3
[ 5 -1  1] 0.3
[4 0 0] 0.3
[-2  0  0] 0.3
[ 4 -6 -4] 0.275
[ 0 -4 -2] 0.275
[ 3 -9 -3] 0.25
[ 7 -7 -1] 0.25
[ 3 -3 -3] 0.25
[0 0 0] 0.25
[ 4 -8 -4] 0.225
[ 4 -8  2] 0.225
[ 3 -7 -5] 0.225
[ 7 -3 -1] 0.225
[-2 -2 -2] 0.225
[-1  1 -3] 0.225
[-3 -1  1] 0.225
[ 6 -8 -2] 0.2
[ 7 -7  1] 0.2
[ 3 -9  1] 0.2
[ 1 -7 -5] 0.2
[ 7 -3  1] 0.2
[ 0 -6 -4] 0.2
[ 1 -1 -3] 0.2
[-3 -1 -1] 0.2
[-1 -3  1] 0.2
[ 5 -9 -1] 0.175
[ 5 -9  1] 0.175
[ 5 -7  3] 0.175
[ 0 -8 -4] 0.175
[ 2 -6  2] 0.175
[ 3 -5  3] 0.175
[ 1 -3 -3] 0.175
[ 6 -8  2] 0.15
[-1  1 -1] 0.15
[  2 -10  -2] 0.125
[ 8 -4  0] 0.125
[-1 -7 -3] 0.125
[ 1 -7  1] 0.125
[ 6 -2  2] 0.125
[ 0 -6  0] 0.125
[ 1 -3  3] 0.125
[ 3 -1  3] 0.125
[ 1  1 -1] 0.125
[  2 -10   0] 0.1
[ 8 -6  0] 0.1
[-1 -9 -1] 0.1
[ 0 -8  0] 0.1
[-1 -7 -1] 0.1
[ 4 -4  4] 0.1
[-1 -5 -3] 0.1
[ 4  0 -2] 0.1
[ 3  1 -1] 0.1
[ 1 -1  3] 0.1
[2 0 2] 0.1
[0 0 2] 0.1
[  4 -10   0] 0.075
[ 7 -7 -3] 0.075
[  0 -10  -2] 0.075
[ 8 -6 -2] 0.075
[-1 -5 -1] 0.075
[ 2 -2  4] 0.075
[-1 -3 -3] 0.075
[ 0  0 -4] 0.075
[-2 -2  2] 0.075
[-3  1 -1] 0.075
[  4 -10  -2] 0.05
[ 5 -9 -3] 0.05
[ 2 -8 -6] 0.05
[ 4 -4 -4] 0.05
[ 6 -2 -2] 0.05
[ 5 -3 -3] 0.05
[ 2 -4 -4] 0.05
[ 4 -2  4] 0.05
[4 0 2] 0.05
[ 3 -1 -3] 0.05
[ 1  1 -3] 0.05
[3 1 1] 0.05
[1 1 1] 0.05
[  1 -11  -1] 0.025
[ 6 -8 -4] 0.025
[ 3 -9 -5] 0.025
[ 1 -9 -5] 0.025
[  0 -10   0] 0.025
[ 5 -7 -5] 0.025
[ 6 -6 -4] 0.025
[ 8 -4 -2] 0.025
[ 1 -9  1] 0.025
[ 7 -5 -3] 0.025
[ 2 -8  2] 0.025
[ 3 -7  3] 0.025
[-2 -6 -2] 0.025
[-2 -4 -2] 0.025
[ 0 -2 -4] 0.025
[ 0 -4  2] 0.025
[-4  0  0] 0.025
[-2  2 -2] 0.025
[-1 -1  3] 0.025
