# BZ_center   Fraction_Coverage
[-6  0  1] 1.0
[-5  0  1] 1.0
[-4  0  2] 1.0
[-4  0  1] 1.0
[-4  0  0] 1.0
[-3  0  2] 1.0
[-3  0 -1] 1.0
[-3  0  1] 1.0
[-2  0  2] 1.0
[-2  0  1] 1.0
[-1  0  2] 1.0
[-3  0  0] 0.95
[-1  0  1] 0.95
[-5  0  2] 0.9
[-2  0 -1] 0.9
[0 0 2] 0.9
[-7  0  1] 0.85
[0 0 1] 0.85
[-2  0  3] 0.8
[-2  0  0] 0.8
[-6  0  2] 0.775
[-7  0  0] 0.75
[-1  0  3] 0.7
[1 0 2] 0.7
[-1  0 -1] 0.7
[-8  0  0] 0.65
[-6  0  0] 0.65
[-5  0  0] 0.65
[-3  0  3] 0.65
[-1  0  0] 0.625
[1 0 1] 0.6
[-8  0  1] 0.575
[-4  0  3] 0.575
[0 0 3] 0.575
[-7  0  2] 0.525
[-4  0 -1] 0.525
[ 0  0 -1] 0.475
[-5  0  3] 0.4
[1 0 3] 0.4
[0 0 0] 0.4
[2 0 2] 0.325
[-9  0  0] 0.3
[-7 -1  1] 0.3
[-6 -1  2] 0.3
[-5 -1  2] 0.3
[-4 -1  2] 0.3
[-2 -1  3] 0.3
[-1  0 -2] 0.3
[2 0 1] 0.3
[-6 -1  1] 0.275
[-1 -1  3] 0.275
[-8 -1  1] 0.25
[-8 -1  0] 0.25
[-5 -1  1] 0.25
[-3 -1  3] 0.25
[-3 -1  2] 0.25
[-7 -1  2] 0.225
[-4 -1  3] 0.225
[-2 -1  2] 0.225
[-2  0 -2] 0.225
[-9  0  1] 0.2
[-8  0  2] 0.2
[-7  0 -1] 0.2
[-4 -1  1] 0.2
[ 0 -1  3] 0.2
[-1 -1  2] 0.2
[-8  0 -1] 0.175
[-9 -1  0] 0.15
[-6  0  3] 0.15
[-6  0 -1] 0.15
[-5 -1  3] 0.15
[-3 -1  1] 0.15
[ 0 -1  2] 0.15
[ 0  0 -2] 0.15
[1 0 0] 0.15
[ 1 -1  3] 0.125
[-2 -1  1] 0.125
[-9 -1  1] 0.1
[-8 -1  2] 0.1
[-7 -1  0] 0.1
[-5  0 -1] 0.1
[-2  0  4] 0.1
[-1  0  4] 0.1
[2 0 3] 0.1
[ 1 -1  2] 0.1
[-1 -1  1] 0.1
[ 1  0 -1] 0.1
[-6 -1  3] 0.075
[ 2 -1  2] 0.075
[-7  0  3] 0.05
[-6 -1  0] 0.05
[-1 -1  4] 0.05
[-4 -1  0] 0.05
[0 0 4] 0.05
[3 0 2] 0.05
[3 0 1] 0.05
[ 0  1 -2] 0.05
[ 0 -1  1] 0.05
[ 0  1 -1] 0.05
[-9  0 -1] 0.025
[-8 -1 -1] 0.025
[-7 -1  3] 0.025
[-2 -1  4] 0.025
[ 2 -1  3] 0.025
[-1  1 -2] 0.025
[ 1 -1  1] 0.025
