# BZ_center   Fraction_Coverage
[-2 -2  0] 0.975
[-3 -3  1] 0.95
[-3 -2  0] 0.925
[-2 -3  0] 0.925
[-3 -3  0] 0.9
[-1 -2  0] 0.875
[-2 -3  1] 0.85
[-3 -2  1] 0.825
[-2 -1  0] 0.825
[-3 -3  2] 0.75
[-1 -1  0] 0.75
[-3 -2 -1] 0.7
[-2 -3 -1] 0.7
[-2 -2 -1] 0.7
[-2 -1 -1] 0.7
[-1 -2 -1] 0.7
[-3 -4  1] 0.675
[-3 -4  0] 0.675
[0 0 1] 0.675
[-3 -3 -1] 0.65
[-4 -3  0] 0.625
[-1  0  1] 0.625
[ 0 -1  1] 0.625
[-4 -3  1] 0.6
[-2 -2  1] 0.6
[-3 -4  2] 0.55
[-2 -4  0] 0.55
[-3 -2  2] 0.55
[-2 -3  2] 0.55
[-1 -1 -1] 0.55
[-1  0  0] 0.55
[ 0 -1  0] 0.55
[-1 -3 -1] 0.525
[-1 -3  0] 0.5
[-1 -1  1] 0.5
[-4 -3  2] 0.475
[-2 -1  1] 0.45
[-1 -2  1] 0.45
[-1  1  1] 0.45
[-4 -2  1] 0.425
[-4 -4  1] 0.4
[-4 -4  0] 0.4
[-4 -3 -1] 0.4
[-3 -4 -1] 0.4
[-2 -4  1] 0.4
[-4 -2  0] 0.4
[ 0 -2  0] 0.4
[-3 -3  3] 0.375
[-2 -4 -1] 0.375
[-3 -1 -1] 0.375
[-3 -1  0] 0.375
[ 0 -2 -1] 0.375
[-2  0  0] 0.375
[0 0 2] 0.375
[-4 -2  2] 0.35
[ 0 -1  2] 0.35
[0 1 1] 0.35
[-2 -2  2] 0.325
[-1  0 -1] 0.325
[1 0 1] 0.325
[0 0 0] 0.325
[-3 -4  3] 0.3
[-4 -2 -1] 0.3
[-2 -2 -2] 0.3
[-2  0 -1] 0.3
[-1  0  2] 0.3
[ 0 -1 -1] 0.3
[-2 -4  2] 0.275
[-1 -1  2] 0.275
[-3 -2 -2] 0.25
[-2 -3 -2] 0.25
[-2 -1 -2] 0.25
[ 1 -1  1] 0.25
[-4 -3  3] 0.225
[-2 -3  3] 0.225
[-4 -4  2] 0.2
[-1 -2 -2] 0.2
[-1  1  0] 0.2
[-3 -5  0] 0.175
[-2 -4  3] 0.175
[-3 -3 -2] 0.175
[-1 -3  1] 0.175
[-3 -2  3] 0.15
[-2 -2  3] 0.15
[-3 -1  1] 0.15
[-2 -1  2] 0.15
[-3 -5  1] 0.125
[-4 -4 -1] 0.125
[-1 -3 -2] 0.125
[-1 -1 -2] 0.125
[1 0 2] 0.125
[ 1 -1  0] 0.125
[ 0  0 -1] 0.125
[-5 -3  0] 0.1
[-3 -1 -2] 0.1
[ 1 -1  2] 0.1
[-2  0  1] 0.1
[-3 -5  2] 0.075
[-5 -3  1] 0.075
[-1 -2  2] 0.075
[-1  1  2] 0.075
[0 1 0] 0.075
[-4 -5  0] 0.05
[-4 -4  3] 0.05
[-5 -3 -1] 0.05
[-3 -5 -1] 0.05
[-4 -3 -2] 0.05
[-3 -4 -2] 0.05
[-2 -5  0] 0.05
[-4 -2 -2] 0.05
[-2 -4 -2] 0.05
[-1 -4 -1] 0.05
[ 0 -3 -1] 0.05
[-2  0 -2] 0.05
[ 0 -2 -2] 0.05
[ 0 -2  1] 0.05
[1 1 1] 0.05
[1 0 0] 0.05
[-4 -5  1] 0.025
[-5 -3  2] 0.025
[-5 -2  2] 0.025
[-5 -2  1] 0.025
[-2 -5 -1] 0.025
[-1 -4 -2] 0.025
[-1 -4  0] 0.025
[-3 -1  2] 0.025
[ 0 -3 -2] 0.025
[ 0 -3  0] 0.025
[-1  2  1] 0.025
[-1  0 -2] 0.025
[ 0 -1 -2] 0.025
[0 1 2] 0.025
[-1  1 -1] 0.025
[ 1 -1 -1] 0.025
