# BZ_center   Fraction_Coverage
[4 0 0] 0.675
[6 2 0] 0.625
[ 5  1 -1] 0.625
[5 1 1] 0.6
[2 0 0] 0.575
[1 1 1] 0.5
[ 3 -1  1] 0.475
[0 2 0] 0.425
[ 1  1 -1] 0.425
[4 2 0] 0.4
[ 3 -1 -1] 0.375
[6 0 0] 0.35
[ 3  1 -1] 0.35
[3 1 1] 0.35
[2 2 0] 0.3
[ 5  3 -1] 0.25
[ 5 -1  1] 0.25
[ 4  0 -2] 0.25
[4 0 2] 0.25
[2 0 2] 0.25
[0 0 0] 0.25
[ 7  1 -1] 0.225
[5 3 1] 0.225
[ 5 -1 -1] 0.225
[ 2  0 -2] 0.2
[ 1 -1  1] 0.2
[ 6  2 -2] 0.175
[6 2 2] 0.175
[ 0  2 -2] 0.175
[7 1 1] 0.15
[0 0 2] 0.15
[ 1 -1 -1] 0.15
[-1  1  1] 0.15
[6 0 2] 0.125
[0 2 2] 0.125
[ 6  0 -2] 0.1
[ 4 -2  0] 0.1
[ 2 -2  0] 0.1
[-1  1 -1] 0.1
[ 7  3 -1] 0.075
[7 3 1] 0.075
[ 1  3 -1] 0.075
[ 4 -2  2] 0.05
[4 2 2] 0.05
[ 2 -2  2] 0.05
[-1  3 -1] 0.05
[1 3 1] 0.05
[ 8  2 -2] 0.025
[8 2 0] 0.025
[6 4 0] 0.025
[ 4  2 -2] 0.025
[ 3  3 -1] 0.025
[ 3 -1  3] 0.025
[3 3 1] 0.025
[ 2  2 -2] 0.025
[-2  2  2] 0.025
[ 1 -1  3] 0.025
[-1  3  1] 0.025
[-1  1  3] 0.025
[-2  2  0] 0.025
[ 0  0 -2] 0.025
